+++++++++++++++++++RunEstimator+++++++++++++++++++
n_success=(49, 50)
n_evals=157.40816326530611
s=419.54844133572783
min_evals=1
++++++++++++++++++++++++++++++++++++++++++++++++++
Ngen: 0.8333384197515793
prevalence: 0.16666158024842068
accuracy: 0.8333384197515793
sensitivity: 1.0
falseomission: 0.0
falsediscovery: 0.5
missrate: 0.0
fallout: 0.1999926756024317
fitness: 0.8333384197515793
specificity: 0.8000073243975683
precision: 0.5
negpredictive: 1.0
