+++++++++++++++++++RunEstimator+++++++++++++++++++
n_success=(49, 50)
n_evals=66.20408163265306
s=59.839233458420026
min_evals=1
++++++++++++++++++++++++++++++++++++++++++++++++++
Ngen: 0.8333384197515793
precision: 0.5
fitness: 0.8333384197515793
missrate: 0.0
specificity: 0.8000073243975683
falsediscovery: 0.5
falseomission: 0.0
negpredictive: 1.0
prevalence: 0.16666158024842068
accuracy: 0.8333384197515793
sensitivity: 1.0
fallout: 0.1999926756024317
