+++++++++++++++++++RunEstimator+++++++++++++++++++
n_success=(49, 50)
n_evals=42.93877551020408
s=49.668455132360606
min_evals=2
++++++++++++++++++++++++++++++++++++++++++++++++++
Ngen: 0.9600970488601337
