+++++++++++++++++++RunEstimator+++++++++++++++++++
n_success=(9, 10)
n_evals=286.44444444444446
s=262.8121894311226
min_evals=42
++++++++++++++++++++++++++++++++++++++++++++++++++
Ngen: 0.9703512680440687
fallout: 0.028091519051185253
precision: 0.0
falseomission: 0.0016484551620195931
missrate: 1.0
accuracy: 0.9703512680440687
specificity: 0.9719084809488148
fitness: 0.9703512680440687
negpredictive: 0.9983515448379804
prevalence: 0.0016022217474898526
sensitivity: 0.0
falsediscovery: 1.0
