+++++++++++++++++++RunEstimator+++++++++++++++++++
n_success=(50, 50)
n_evals=158.76
s=656.0887305845147
min_evals=1
++++++++++++++++++++++++++++++++++++++++++++++++++
Ngen: 0.9941251869258705
precision: 0.017857142857142856
prevalence: 0.00010681478316599017
accuracy: 0.9941251869258705
negpredictive: 1.0
falseomission: 0.0
falsediscovery: 0.9821428571428571
specificity: 0.9941245593419507
sensitivity: 1.0
fallout: 0.005875440658049354
missrate: 0.0
fitness: 0.9941251869258705
