+++++++++++++++++++RunEstimator+++++++++++++++++++
n_success=(3, 50)
n_evals=3210.0
s=993.1730295707122
min_evals=1933
++++++++++++++++++++++++++++++++++++++++++++++++++
Ngen: 0.9957731864375744
fallout: 0.004938755861429564
missrate: 0.0
falsediscovery: 0.02848621966269025
fitness: 0.9957731864375744
sensitivity: 1.0
specificity: 0.9950612441385704
prevalence: 0.14415417950987275
falseomission: 0.0
negpredictive: 1.0
precision: 0.9715137803373097
accuracy: 0.9957731864375744
