+++++++++++++++++++RunEstimator+++++++++++++++++++
n_success=(50, 50)
n_evals=71.24
s=469.90188592939273
min_evals=1
++++++++++++++++++++++++++++++++++++++++++++++++++
Ngen: 0.99992370372631
fitness: 0.99992370372631
missrate: 0.0
negpredictive: 1.0
accuracy: 0.99992370372631
precision: 0.5833333333333334
specificity: 0.9999236955758695
prevalence: 0.00010681478316599017
falseomission: 0.0
falsediscovery: 0.4166666666666667
sensitivity: 1.0
fallout: 7.630442413051109e-05
