+++++++++++++++++++RunEstimator+++++++++++++++++++
n_success=(1, 50)
n_evals=4760.0
s=0.0
min_evals=4760
++++++++++++++++++++++++++++++++++++++++++++++++++
Ngen: 0.8547624134037294
accuracy: 0.8547624134037294
fallout: 0.1697006436429119
falseomission: 0.0
missrate: 0.0
sensitivity: 1.0
falsediscovery: 0.5018718692327973
specificity: 0.8302993563570881
fitness: 0.8547624134037294
negpredictive: 1.0
precision: 0.49812813076720275
prevalence: 0.14415417950987275
