+++++++++++++++++++RunEstimator+++++++++++++++++++
n_success=(50, 50)
n_evals=298.46
s=265.46888405234995
min_evals=1
++++++++++++++++++++++++++++++++++++++++++++++++++
Ngen: 0.33335367900631735
positive: 1.0
fitness: 0.33335367900631735
specifity: 4.5777065690089265e-05
accuracy: 0.33335367900631735
sensivity: 9.155832265152902e-05
negative: 0.9999542229343099
