+++++++++++++++++++RunEstimator+++++++++++++++++++
n_success=(50, 50)
n_evals=267.96
s=851.1688894690642
min_evals=1
++++++++++++++++++++++++++++++++++++++++++++++++++
Ngen: 0.8333384197515793
falseomission: 0.0
specificity: 0.8000073243975683
prevalence: 0.16666158024842068
fitness: 0.8333384197515793
missrate: 0.0
falsediscovery: 0.5
accuracy: 0.8333384197515793
negpredictive: 1.0
fallout: 0.1999926756024317
sensitivity: 1.0
precision: 0.5
