+++++++++++++++++++RunEstimator+++++++++++++++++++
n_success=(49, 50)
n_evals=51.42857142857143
s=72.2097285548089
min_evals=1
++++++++++++++++++++++++++++++++++++++++++++++++++
Ngen: 0.8333384197515793
missrate: 0.0
negpredictive: 1.0
prevalence: 0.16666158024842068
fallout: 0.1999926756024317
sensitivity: 1.0
precision: 0.5
falseomission: 0.0
falsediscovery: 0.5
fitness: 0.8333384197515793
specificity: 0.8000073243975683
accuracy: 0.8333384197515793
