+++++++++++++++++++RunEstimator+++++++++++++++++++
n_success=(0, 50)
n_evals=nan
s=nan
min_evals=nan
++++++++++++++++++++++++++++++++++++++++++++++++++
Ngen: 0.14415417950987275
prevalence: 0.14415417950987275
negpredictive: nan
falseomission: nan
fallout: 1.0
accuracy: 0.14415417950987275
fitness: 0.14415417950987275
missrate: 0.0
precision: 0.14415417950987275
falsediscovery: 0.8558458204901273
sensitivity: 1.0
specificity: 0.0
