+++++++++++++++++++RunEstimator+++++++++++++++++++
n_success=(50, 50)
n_evals=2.02
s=4.2964636621295895
min_evals=1
++++++++++++++++++++++++++++++++++++++++++++++++++
Ngen: 0.3547318948942534
fallout: 1.0
precision: 0.3547318948942534
falseomission: nan
missrate: 0.0
accuracy: 0.3547318948942534
specificity: 0.0
fitness: 0.3547318948942534
negpredictive: nan
prevalence: 0.3547318948942534
sensitivity: 1.0
falsediscovery: 0.6452681051057466
