+++++++++++++++++++RunEstimator+++++++++++++++++++
n_success=(50, 50)
n_evals=97.0
s=241.9822307525906
min_evals=1
++++++++++++++++++++++++++++++++++++++++++++++++++
Ngen: 0.8333384197515793
positive: 1.0
fitness: 0.8333384197515793
specifity: 0.8000073243975683
negative: 0.1999926756024317
sensivity: 4.000183116645303
accuracy: 0.8333384197515793
