+++++++++++++++++++RunEstimator+++++++++++++++++++
n_success=(50, 50)
n_evals=281.16
s=604.9389179082464
min_evals=1
++++++++++++++++++++++++++++++++++++++++++++++++++
Ngen: 0.33335367900631735
fallout: 0.9999542229343099
accuracy: 0.33335367900631735
sensitivity: 1.0
falseomission: 0.0
falsediscovery: 0.6666666666666666
missrate: 0.0
prevalence: 0.33332316049684135
fitness: 0.33335367900631735
specificity: 4.5777065690089265e-05
precision: 0.3333333333333333
negpredictive: 1.0
