+++++++++++++++++++RunEstimator+++++++++++++++++++
n_success=(50, 50)
n_evals=2.06
s=5.544041846883914
min_evals=1
++++++++++++++++++++++++++++++++++++++++++++++++++
Ngen: 0.3547318948942534
fitness: 0.3547318948942534
missrate: 0.0
negpredictive: nan
accuracy: 0.3547318948942534
precision: 0.3547318948942534
specificity: 0.0
prevalence: 0.3547318948942534
falseomission: nan
falsediscovery: 0.6452681051057466
sensitivity: 1.0
fallout: 1.0
