+++++++++++++++++++RunEstimator+++++++++++++++++++
n_success=(50, 50)
n_evals=1.5
s=0.5385164807134504
min_evals=1
++++++++++++++++++++++++++++++++++++++++++++++++++
Ngen: 0.03837702566606647
missrate: 0.0
specificity: 0.0
prevalence: 0.03837702566606647
accuracy: 0.03837702566606647
falseomission: nan
falsediscovery: 0.9616229743339335
fitness: 0.03837702566606647
negpredictive: nan
fallout: 1.0
sensitivity: 1.0
precision: 0.03837702566606647
