+++++++++++++++++++RunEstimator+++++++++++++++++++
n_success=(6, 10)
n_evals=1375.6666666666667
s=1175.5340157656954
min_evals=167
++++++++++++++++++++++++++++++++++++++++++++++++++
Ngen: 0.9974364452040162
fitness: 0.9974364452040162
precision: 0.0
sensitivity: 0.0
falsediscovery: 1.0
falseomission: 0.0016037634983427777
fallout: 0.000962875789023216
missrate: 1.0
prevalence: 0.0016022217474898526
negpredictive: 0.9983962365016572
specificity: 0.9990371242109768
accuracy: 0.9974364452040162
