+++++++++++++++++++RunEstimator+++++++++++++++++++
n_success=(50, 50)
n_evals=2.72
s=6.232302945139942
min_evals=1
++++++++++++++++++++++++++++++++++++++++++++++++++
Ngen: 0.3547318948942534
precision: 0.3547318948942534
falseomission: nan
negpredictive: nan
fitness: 0.3547318948942534
fallout: 1.0
sensitivity: 1.0
specificity: 0.0
missrate: 0.0
falsediscovery: 0.6452681051057466
prevalence: 0.3547318948942534
accuracy: 0.3547318948942534
