+++++++++++++++++++RunEstimator+++++++++++++++++++
n_success=(0, 50)
n_evals=nan
s=nan
min_evals=nan
++++++++++++++++++++++++++++++++++++++++++++++++++
Ngen: 0.14415417950987275
missrate: 0.0
negpredictive: nan
sensitivity: 1.0
accuracy: 0.14415417950987275
fallout: 1.0
precision: 0.14415417950987275
falsediscovery: 0.8558458204901273
falseomission: nan
specificity: 0.0
prevalence: 0.14415417950987275
fitness: 0.14415417950987275
