+++++++++++++++++++RunEstimator+++++++++++++++++++
n_success=(50, 50)
n_evals=162.02
s=347.89213788184406
min_evals=1
++++++++++++++++++++++++++++++++++++++++++++++++++
Ngen: 0.33335367900631735
accuracy: 0.33335367900631735
prevalence: 0.33332316049684135
falseomission: 0.0
fallout: 0.9999542229343099
specificity: 4.5777065690089265e-05
precision: 0.3333333333333333
fitness: 0.33335367900631735
sensitivity: 1.0
falsediscovery: 0.6666666666666666
missrate: 0.0
negpredictive: 1.0
