+++++++++++++++++++RunEstimator+++++++++++++++++++
n_success=(50, 50)
n_evals=2.18
s=5.985616091932393
min_evals=1
++++++++++++++++++++++++++++++++++++++++++++++++++
Ngen: 0.3547318948942534
accuracy: 0.3547318948942534
prevalence: 0.3547318948942534
falseomission: nan
fallout: 1.0
specificity: 0.0
precision: 0.3547318948942534
fitness: 0.3547318948942534
sensitivity: 1.0
falsediscovery: 0.6452681051057466
missrate: 0.0
negpredictive: nan
