+++++++++++++++++++RunEstimator+++++++++++++++++++
n_success=(50, 50)
n_evals=2.56
s=5.235112224203031
min_evals=1
++++++++++++++++++++++++++++++++++++++++++++++++++
Ngen: 0.3547318948942534
precision: 0.3547318948942534
prevalence: 0.3547318948942534
falseomission: nan
accuracy: 0.3547318948942534
negpredictive: nan
fallout: 1.0
falsediscovery: 0.6452681051057466
specificity: 0.0
sensitivity: 1.0
missrate: 0.0
fitness: 0.3547318948942534
