+++++++++++++++++++RunEstimator+++++++++++++++++++
n_success=(50, 50)
n_evals=1.6
s=3.6441734316577197
min_evals=1
++++++++++++++++++++++++++++++++++++++++++++++++++
Ngen: 0.3547318948942534
missrate: 0.0
negpredictive: nan
fallout: 1.0
specificity: 0.0
precision: 0.3547318948942534
falseomission: nan
prevalence: 0.3547318948942534
falsediscovery: 0.6452681051057466
fitness: 0.3547318948942534
accuracy: 0.3547318948942534
sensitivity: 1.0
