+++++++++++++++++++RunEstimator+++++++++++++++++++
n_success=(50, 50)
n_evals=1.0
s=0.0
min_evals=1
++++++++++++++++++++++++++++++++++++++++++++++++++
Ngen: 0.14415417950987275
positive: 1.0
fitness: 0.14415417950987275
specifity: 0.0
accuracy: 0.14415417950987275
sensivity: 0.0
negative: 1.0
