+++++++++++++++++++RunEstimator+++++++++++++++++++
n_success=(50, 50)
n_evals=2.22
s=5.561618469474511
min_evals=1
++++++++++++++++++++++++++++++++++++++++++++++++++
Ngen: 0.03837702566606647
fallout: 1.0
accuracy: 0.03837702566606647
falseomission: nan
fitness: 0.03837702566606647
falsediscovery: 0.9616229743339335
missrate: 0.0
prevalence: 0.03837702566606647
sensitivity: 1.0
specificity: 0.0
precision: 0.03837702566606647
negpredictive: nan
