+++++++++++++++++++RunEstimator+++++++++++++++++++
n_success=(46, 50)
n_evals=479.0652173913044
s=512.8229375836355
min_evals=21
++++++++++++++++++++++++++++++++++++++++++++++++++
Ngen: 0.9809259315775017
precision: 0.0
prevalence: 0.009537034211249122
sensitivity: 0.0
fallout: 0.009628865026421605
specificity: 0.9903711349735784
fitness: 0.9809259315775017
falseomission: 0.009628865026421605
falsediscovery: 1.0
missrate: 1.0
accuracy: 0.9809259315775017
negpredictive: 0.9903711349735784
