+++++++++++++++++++RunEstimator+++++++++++++++++++
n_success=(50, 50)
n_evals=2.48
s=6.6999701491872345
min_evals=1
++++++++++++++++++++++++++++++++++++++++++++++++++
Ngen: 0.3547318948942534
fallout: 1.0
falseomission: nan
fitness: 0.3547318948942534
missrate: 0.0
sensitivity: 1.0
prevalence: 0.3547318948942534
precision: 0.3547318948942534
falsediscovery: 0.6452681051057466
specificity: 0.0
negpredictive: nan
accuracy: 0.3547318948942534
