+++++++++++++++++++RunEstimator+++++++++++++++++++
n_success=(45, 50)
n_evals=944.4
s=998.0625319977592
min_evals=26
++++++++++++++++++++++++++++++++++++++++++++++++++
Ngen: 0.8519241920224616
fitness: 0.8519241920224616
precision: 0.5295258411713372
sensitivity: 1.0
falsediscovery: 0.47047415882866284
falseomission: 0.0
fallout: 0.17768988500695818
missrate: 0.0
prevalence: 0.16666158024842068
negpredictive: 1.0
specificity: 0.8223101149930419
accuracy: 0.8519241920224616
