+++++++++++++++++++RunEstimator+++++++++++++++++++
n_success=(50, 50)
n_evals=1.36
s=0.5199999999999999
min_evals=1
++++++++++++++++++++++++++++++++++++++++++++++++++
Ngen: 0.03837702566606647
precision: 0.03837702566606647
prevalence: 0.03837702566606647
sensitivity: 1.0
accuracy: 0.03837702566606647
negpredictive: nan
fallout: 1.0
falsediscovery: 0.9616229743339335
specificity: 0.0
falseomission: nan
missrate: 0.0
fitness: 0.03837702566606647
