+++++++++++++++++++RunEstimator+++++++++++++++++++
n_success=(0, 50)
n_evals=nan
s=nan
min_evals=nan
++++++++++++++++++++++++++++++++++++++++++++++++++
Ngen: 0.6666920987578967
missrate: 0.9999542208386742
prevalence: 0.33332316049684135
sensitivity: 4.577916132576451e-05
accuracy: 0.6666920987578967
fallout: 0.0
precision: 1.0
falsediscovery: 0.0
falseomission: 0.3333129873498848
specificity: 1.0
negpredictive: 0.6666870126501152
fitness: 0.6666920987578967
