+++++++++++++++++++RunEstimator+++++++++++++++++++
n_success=(48, 50)
n_evals=193.625
s=232.2200487504614
min_evals=9
++++++++++++++++++++++++++++++++++++++++++++++++++
Ngen: 0.33335367900631735
fitness: 0.33335367900631735
missrate: 0.0
negpredictive: 1.0
accuracy: 0.33335367900631735
precision: 0.3333333333333333
specificity: 4.5777065690089265e-05
prevalence: 0.33332316049684135
falseomission: 0.0
falsediscovery: 0.6666666666666666
sensitivity: 1.0
fallout: 0.9999542229343099
