+++++++++++++++++++RunEstimator+++++++++++++++++++
n_success=(50, 50)
n_evals=99.1
s=399.98941235987735
min_evals=1
++++++++++++++++++++++++++++++++++++++++++++++++++
Ngen: 0.8333384197515793
fallout: 0.1999926756024317
precision: 0.5
falseomission: 0.0
missrate: 0.0
accuracy: 0.8333384197515793
specificity: 0.8000073243975683
fitness: 0.8333384197515793
negpredictive: 1.0
prevalence: 0.16666158024842068
sensitivity: 1.0
falsediscovery: 0.5
