+++++++++++++++++++RunEstimator+++++++++++++++++++
n_success=(50, 50)
n_evals=21.1
s=13.785862323409445
min_evals=1
++++++++++++++++++++++++++++++++++++++++++++++++++
Ngen: 0.750114444410535
negpredictive: 1.0
precision: 0.0004272721723738021
prevalence: 0.00010681478316599017
accuracy: 0.750114444410535
falseomission: 0.0
fallout: 0.24991224991224992
falsediscovery: 0.9995727278276262
specificity: 0.7500877500877501
sensitivity: 1.0
missrate: 0.0
fitness: 0.750114444410535
