+++++++++++++++++++RunEstimator+++++++++++++++++++
n_success=(50, 50)
n_evals=51.98
s=276.370583818177
min_evals=1
++++++++++++++++++++++++++++++++++++++++++++++++++
Ngen: 0.9396191290017396
falseomission: 0.0
specificity: 0.9396126787431135
prevalence: 0.00010681478316599017
accuracy: 0.9396191290017396
missrate: 0.0
falsediscovery: 0.998234106962664
fitness: 0.9396191290017396
negpredictive: 1.0
precision: 0.0017658930373360242
sensitivity: 1.0
fallout: 0.06038732125688647
