+++++++++++++++++++RunEstimator+++++++++++++++++++
n_success=(50, 50)
n_evals=22.92
s=22.79810518442267
min_evals=1
++++++++++++++++++++++++++++++++++++++++++++++++++
Ngen: 0.750114444410535
specificity: 0.7500877500877501
negpredictive: 1.0
falsediscovery: 0.9995727278276262
falseomission: 0.0
precision: 0.0004272721723738021
sensitivity: 1.0
missrate: 0.0
fallout: 0.24991224991224992
accuracy: 0.750114444410535
fitness: 0.750114444410535
prevalence: 0.00010681478316599017
