+++++++++++++++++++RunEstimator+++++++++++++++++++
n_success=(50, 50)
n_evals=1.06
s=0.23748684174075835
min_evals=1
++++++++++++++++++++++++++++++++++++++++++++++++++
Ngen: 0.50022888882107
fitness: 0.50022888882107
precision: 0.0004577776421399579
sensitivity: 1.0
falsediscovery: 0.99954222235786
falseomission: 0.0
fallout: 0.4998855293884217
missrate: 0.0
prevalence: 0.00022888882106997894
negpredictive: 1.0
specificity: 0.5001144706115783
accuracy: 0.50022888882107
