+++++++++++++++++++RunEstimator+++++++++++++++++++
n_success=(50, 50)
n_evals=47.0
s=82.38106578577386
min_evals=1
++++++++++++++++++++++++++++++++++++++++++++++++++
Ngen: 0.8333384197515793
precision: 0.5
prevalence: 0.16666158024842068
sensitivity: 1.0
accuracy: 0.8333384197515793
negpredictive: 1.0
fallout: 0.1999926756024317
falsediscovery: 0.5
specificity: 0.8000073243975683
falseomission: 0.0
missrate: 0.0
fitness: 0.8333384197515793
