+++++++++++++++++++RunEstimator+++++++++++++++++++
n_success=(50, 50)
n_evals=1.46
s=0.49839743177508466
min_evals=1
++++++++++++++++++++++++++++++++++++++++++++++++++
Ngen: 0.03837702566606647
falseomission: nan
negpredictive: nan
fitness: 0.03837702566606647
fallout: 1.0
missrate: 0.0
specificity: 0.0
precision: 0.03837702566606647
sensitivity: 1.0
falsediscovery: 0.9616229743339335
prevalence: 0.03837702566606647
accuracy: 0.03837702566606647
