+++++++++++++++++++RunEstimator+++++++++++++++++++
n_success=(3, 50)
n_evals=3998.6666666666665
s=473.66819141204275
min_evals=3337
++++++++++++++++++++++++++++++++++++++++++++++++++
Ngen: 0.8540604876857815
missrate: 0.0
precision: 0.4969228341486508
falseomission: 0.0
fallout: 0.17052079804589299
specificity: 0.829479201954107
falsediscovery: 0.5030771658513492
accuracy: 0.8540604876857815
sensitivity: 1.0
fitness: 0.8540604876857815
prevalence: 0.14415417950987275
negpredictive: 1.0
