+++++++++++++++++++RunEstimator+++++++++++++++++++
n_success=(50, 50)
n_evals=229.34
s=412.73529580107396
min_evals=1
++++++++++++++++++++++++++++++++++++++++++++++++++
Ngen: 0.33335367900631735
missrate: 0.0
falseomission: 0.0
fallout: 0.9999542229343099
sensitivity: 1.0
precision: 0.3333333333333333
prevalence: 0.33332316049684135
falsediscovery: 0.6666666666666666
fitness: 0.33335367900631735
accuracy: 0.33335367900631735
negpredictive: 1.0
specificity: 4.5777065690089265e-05
