+++++++++++++++++++RunEstimator+++++++++++++++++++
n_success=(50, 50)
n_evals=1.46
s=0.5370288632839022
min_evals=1
++++++++++++++++++++++++++++++++++++++++++++++++++
Ngen: 0.03837702566606647
fallout: 1.0
precision: 0.03837702566606647
falseomission: nan
missrate: 0.0
accuracy: 0.03837702566606647
specificity: 0.0
fitness: 0.03837702566606647
negpredictive: nan
prevalence: 0.03837702566606647
sensitivity: 1.0
falsediscovery: 0.9616229743339335
