+++++++++++++++++++RunEstimator+++++++++++++++++++
n_success=(50, 50)
n_evals=2.18
s=4.576854815263425
min_evals=1
++++++++++++++++++++++++++++++++++++++++++++++++++
Ngen: 0.3547318948942534
falseomission: nan
specificity: 0.0
prevalence: 0.3547318948942534
fitness: 0.3547318948942534
missrate: 0.0
falsediscovery: 0.6452681051057466
accuracy: 0.3547318948942534
negpredictive: nan
precision: 0.3547318948942534
sensitivity: 1.0
fallout: 1.0
