+++++++++++++++++++RunEstimator+++++++++++++++++++
n_success=(10, 10)
n_evals=15.4
s=6.499230723708768
min_evals=7
++++++++++++++++++++++++++++++++++++++++++++++++++
Ngen: 0.522019104586932
fallout: 0.4798406862745098
falseomission: 0.0
falsediscovery: 0.9919564253594274
fitness: 0.522019104586932
missrate: 0.0
sensitivity: 1.0
negpredictive: 1.0
precision: 0.008043574640572551
accuracy: 0.522019104586932
specificity: 0.5201593137254902
prevalence: 0.0038758507034516434
