+++++++++++++++++++RunEstimator+++++++++++++++++++
n_success=(50, 50)
n_evals=131.82
s=170.8146000785647
min_evals=1
++++++++++++++++++++++++++++++++++++++++++++++++++
Ngen: 0.33335367900631735
precision: 0.3333333333333333
prevalence: 0.33332316049684135
accuracy: 0.33335367900631735
negpredictive: 1.0
sensitivity: 1.0
falsediscovery: 0.6666666666666666
specificity: 4.5777065690089265e-05
falseomission: 0.0
fallout: 0.9999542229343099
missrate: 0.0
fitness: 0.33335367900631735
