+++++++++++++++++++RunEstimator+++++++++++++++++++
n_success=(50, 50)
n_evals=107.4
s=251.82287425887267
min_evals=1
++++++++++++++++++++++++++++++++++++++++++++++++++
Ngen: 0.8333384197515793
fitness: 0.8333384197515793
missrate: 0.0
negpredictive: 1.0
accuracy: 0.8333384197515793
precision: 0.5
specificity: 0.8000073243975683
prevalence: 0.16666158024842068
falseomission: 0.0
falsediscovery: 0.5
sensitivity: 1.0
fallout: 0.1999926756024317
