+++++++++++++++++++RunEstimator+++++++++++++++++++
n_success=(10, 10)
n_evals=151.1
s=401.55160315954413
min_evals=2
++++++++++++++++++++++++++++++++++++++++++++++++++
Ngen: 0.6705526902066103
fitness: 0.6705526902066103
missrate: 0.0
negpredictive: 1.0
accuracy: 0.6705526902066103
precision: 0.011627906976744186
specificity: 0.6692708333333334
prevalence: 0.0038758507034516434
falseomission: 0.0
falsediscovery: 0.9883720930232558
sensitivity: 1.0
fallout: 0.3307291666666667
