+++++++++++++++++++RunEstimator+++++++++++++++++++
n_success=(50, 50)
n_evals=60.4
s=289.53984181801303
min_evals=1
++++++++++++++++++++++++++++++++++++++++++++++++++
Ngen: 0.750114444410535
fallout: 0.24991224991224992
negpredictive: 1.0
falseomission: 0.0
fitness: 0.750114444410535
missrate: 0.0
sensitivity: 1.0
prevalence: 0.00010681478316599017
precision: 0.0004272721723738021
falsediscovery: 0.9995727278276262
specificity: 0.7500877500877501
accuracy: 0.750114444410535
