+++++++++++++++++++RunEstimator+++++++++++++++++++
n_success=(46, 50)
n_evals=1179.8260869565217
s=1278.9752403414334
min_evals=56
++++++++++++++++++++++++++++++++++++++++++++++++++
Ngen: 0.8519241920224616
accuracy: 0.8519241920224616
fallout: 0.17768988500695818
falseomission: 0.0
missrate: 0.0
sensitivity: 1.0
falsediscovery: 0.47047415882866284
specificity: 0.8223101149930419
fitness: 0.8519241920224616
negpredictive: 1.0
precision: 0.5295258411713372
prevalence: 0.16666158024842068
