+++++++++++++++++++RunEstimator+++++++++++++++++++
n_success=(50, 50)
n_evals=3.32
s=9.192257611707799
min_evals=1
++++++++++++++++++++++++++++++++++++++++++++++++++
Ngen: 0.3547318948942534
positive: 1.0
fitness: 0.3547318948942534
specifity: 0.0
negative: 1.0
sensivity: 0.0
accuracy: 0.3547318948942534
