+++++++++++++++++++RunEstimator+++++++++++++++++++
n_success=(50, 50)
n_evals=1.36
s=0.4799999999999999
min_evals=1
++++++++++++++++++++++++++++++++++++++++++++++++++
Ngen: 0.03837702566606647
missrate: 0.0
prevalence: 0.03837702566606647
negpredictive: nan
accuracy: 0.03837702566606647
fallout: 1.0
precision: 0.03837702566606647
falseomission: nan
falsediscovery: 0.9616229743339335
fitness: 0.03837702566606647
specificity: 0.0
sensitivity: 1.0
