+++++++++++++++++++RunEstimator+++++++++++++++++++
n_success=(47, 50)
n_evals=813.7446808510638
s=618.5143651674674
min_evals=45
++++++++++++++++++++++++++++++++++++++++++++++++++
Ngen: 0.9809259315775017
sensitivity: 0.0
precision: 0.0
prevalence: 0.009537034211249122
specificity: 0.9903711349735784
fallout: 0.009628865026421605
negpredictive: 0.9903711349735784
accuracy: 0.9809259315775017
falsediscovery: 1.0
fitness: 0.9809259315775017
missrate: 1.0
falseomission: 0.009628865026421605
